-0.17 1.70 -1.39 0.63 -0.05
-0.83 0.59 -1.83 -0.97 -0.00
1.38 0.16 -2.28 -0.51 -0.54
-1.15 1.52 -1.53 -0.14 -1.32
-1.96 3.18 -2.12 -0.52 1.01
-1.68 0.25 -0.01 0.51 0.25
-0.22 0.26 -2.05 -1.11 0.12
-2.40 1.71 -1.86 1.59 0.54
0.19 2.59 1.05 -1.08 -1.62
-1.41 0.54 -3.80 0.34 -1.21
0.50 1.94 -2.25 -1.14 -1.49
0.10 0.66 -2.02 -1.97 -1.98
-2.26 0.63 -1.03 0.35 0.11
-3.08 1.50 -2.97 -1.86 -0.84
-0.64 1.89 -2.29 -1.04 1.10
-0.96 -0.44 -0.34 -0.71 0.34
0.39 2.26 -0.43 -0.55 -1.83
0.07 0.88 -0.50 -1.86 -0.19
-1.33 1.00 -1.95 -1.13 0.42
-1.11 0.02 -0.20 -1.55 -1.14
0.64 1.03 -1.07 0.94 -0.74
1.30 1.61 -2.14 0.38 -0.92
-0.18 0.43 -2.20 0.49 -0.67
-1.13 1.57 -0.91 0.49 0.99
0.56 0.37 -0.59 -0.15 -1.01
-0.59 1.69 -0.81 -0.49 -0.84
0.40 1.82 -1.35 0.11 -0.04
-2.99 0.01 -0.74 -1.30 0.20
-0.50 0.84 -0.24 0.25 -0.78
-0.48 1.81 -1.91 -1.45 1.36
-1.50 1.68 -1.05 -0.48 -0.54
0.37 2.61 -1.72 -1.27 -0.17
-0.22 0.90 -2.78 0.47 0.16
0.65 -0.30 -1.57 1.25 -0.16
-1.04 2.30 -0.62 -0.61 -1.20
-0.57 0.72 -1.77 -0.25 -1.08
-0.17 0.21 -3.05 0.79 0.62
1.10 -0.06 0.53 -0.06 -0.84
-1.02 1.28 -2.06 -0.56 -0.20
-0.23 0.43 -0.21 0.27 0.68
-0.23 1.15 -1.65 -1.79 -0.18
-0.79 -0.63 -3.12 -0.45 0.58
0.84 0.26 -1.23 1.28 1.14
-0.64 0.20 -1.01 -1.18 0.81
-2.01 1.67 -1.54 -0.58 -2.20
-0.24 1.80 -1.63 -0.36 -2.04
-1.74 1.26 -0.12 -1.16 -1.99
-0.97 -0.35 -0.37 -1.29 -1.28
0.69 2.04 -1.12 0.25 -0.86
-0.89 -0.05 -2.96 -0.21 0.67
1.32 2.03 -1.41 -0.44 -0.54
-0.12 -0.19 -1.11 -0.18 -2.12
0.51 1.55 -2.45 0.21 -0.71
-0.33 0.90 -1.11 -0.73 -0.99
-2.04 2.49 -1.49 -1.95 -1.64
-0.05 1.63 -1.21 0.56 0.29
-2.31 2.23 -2.93 0.64 -1.68
-0.84 0.28 -1.22 -0.88 -1.17
0.71 1.54 -2.48 -0.32 -0.27
-0.84 1.54 -2.23 -0.04 -1.48
-1.22 -1.08 -1.80 -0.63 -0.91
-2.06 0.42 -0.39 1.18 -3.41
-0.69 -1.26 -0.73 0.05 -1.18
-0.81 0.57 -2.04 -2.20 -0.31
-1.96 -1.01 -1.23 1.53 -1.26
-1.72 0.67 -0.42 -0.18 -1.12
0.28 1.98 -2.04 -3.96 -1.50
-0.34 1.99 -0.64 -0.38 -0.88
0.07 0.58 0.63 -3.06 -0.15
0.80 0.50 -2.46 -0.68 -1.71
-1.52 -0.51 -2.54 -1.25 0.05
-0.26 0.98 -1.93 0.64 -0.55
-0.37 -0.06 -0.92 0.60 -0.76
-1.41 0.48 -0.70 -0.56 0.93
-0.68 3.67 -2.62 -0.74 -1.59
-1.72 0.24 0.28 -0.40 -0.87
-1.50 1.23 -1.89 -0.65 -0.36
0.18 -0.25 -2.20 -0.95 0.04
-0.70 2.44 -1.72 -0.08 -2.39
0.38 0.95 -1.28 -1.39 -0.50
0.00 0.84 -1.73 -2.22 -1.00
-1.57 -1.48 0.52 -2.68 -1.30
-0.80 0.89 -2.73 1.85 -1.33
-0.62 0.89 -2.22 -1.16 0.58
-1.84 -0.03 -0.70 0.52 1.61
0.42 2.87 -1.73 0.86 -1.12
0.04 0.99 -1.78 -0.69 -0.98
-0.97 2.30 -2.87 -0.31 1.31
-0.51 1.61 -0.97 -1.25 0.34
-0.08 0.13 -1.05 1.16 0.23
0.51 1.87 -1.50 -0.38 -0.21
-1.63 0.69 -1.12 -0.10 -0.18
0.34 1.49 -2.32 -0.76 -1.03
-0.16 3.36 -1.36 1.31 0.09
-0.90 1.05 -1.04 -0.57 1.66
0.12 -1.39 -0.33 -0.09 -0.21
-0.83 1.93 -1.68 1.30 -0.94
0.57 0.14 -3.32 -0.65 1.35
0.87 -1.43 -0.89 -0.35 -0.98
-2.35 2.52 -1.62 -2.18 -0.41
-1.91 0.45 -1.28 -0.62 1.09
-1.52 -0.02 -1.04 -0.39 0.82
-0.53 0.68 0.89 -0.87 -0.25
-0.53 2.09 -1.17 -1.83 -0.50
-0.49 1.27 -0.92 0.35 -1.04
-1.20 -0.65 1.23 -0.60 -2.45
-0.98 0.33 -3.51 -1.10 -0.03
0.27 0.30 -1.71 -2.02 0.67
-2.46 1.62 -1.84 -0.17 -1.66
0.61 2.56 -1.05 -0.41 -1.19
-1.20 -0.15 -3.81 1.05 -0.77
-0.85 0.69 -2.09 -0.96 0.32
0.48 0.71 -0.99 -1.51 -1.15
-0.99 0.35 -2.29 -0.07 0.33
-0.59 2.00 -1.11 -0.56 -2.50
1.13 -1.42 -2.65 -0.68 0.77
-0.90 0.80 -2.96 -0.55 0.12
-1.30 1.51 -1.96 -0.47 0.33
1.21 0.63 -0.02 -1.96 -0.30
-0.04 0.72 -1.53 0.87 -0.73
-1.10 0.44 -1.33 -1.33 0.02
0.96 1.29 -0.64 -1.41 -0.52
-1.90 1.05 -1.51 -1.19 0.77
0.69 2.87 0.02 -0.51 -0.53
-1.88 2.50 1.46 -1.78 -0.97
-0.81 2.99 -0.72 -0.61 -0.25
-2.06 -1.37 -0.92 -0.91 -2.21
-1.63 -0.03 -2.06 -2.75 1.02
-0.16 2.63 0.42 -0.28 0.42
-1.17 1.28 -0.83 0.24 0.19
-0.26 1.94 -0.79 -0.32 -0.84
0.77 0.45 -0.45 0.02 -0.44
-1.58 2.35 -2.41 -0.94 -1.63
-1.29 0.27 -1.19 -0.25 -2.23
-0.12 0.76 -1.12 -1.82 -0.01
0.93 0.17 -2.43 -1.62 -0.53
-1.32 1.89 -2.02 -1.79 -0.79
-1.99 1.07 -1.30 1.70 -0.25
-1.46 0.81 -1.30 1.49 -1.44
-1.91 1.21 0.12 0.70 0.11
-0.91 -0.28 -0.62 -0.61 -0.76
-1.06 2.67 -2.97 -0.86 -0.21
-0.95 0.04 0.56 -0.15 -1.93
0.17 2.05 -1.07 -0.78 -1.05
0.61 1.59 -3.06 -0.28 0.07
-1.71 0.81 1.62 -1.32 -0.75
-1.18 -0.45 -1.13 -0.96 0.02
-2.44 3.02 -2.22 -0.67 -3.05
-0.46 0.89 -2.42 -0.80 -0.27
-2.51 -1.40 -1.85 -0.82 -0.15
-1.37 2.55 -1.47 -0.48 -0.05
-0.86 2.15 -0.84 -1.03 -0.68
0.52 1.05 -0.79 -0.16 -1.42
-0.82 1.23 0.09 -1.33 -0.49
-0.02 3.02 -2.51 -1.20 -0.19
-1.87 1.66 -1.76 -0.70 -0.75
-0.17 1.26 -0.54 -0.77 -2.08
0.56 2.21 -0.13 -2.15 -2.71
-0.20 1.45 -0.38 -0.69 -1.01
-1.33 -0.39 -1.47 0.99 -1.03
-1.41 1.63 0.08 -0.44 0.10
-0.59 0.16 -2.18 -1.33 -0.52
0.57 2.75 -1.13 0.61 -0.10
-1.25 -0.14 -0.22 -0.01 -1.52
-1.02 0.52 -1.67 0.40 -0.81
-0.48 -0.10 -1.83 0.28 -1.17
0.33 1.60 -1.04 -1.58 -2.27
-1.55 1.27 -3.45 2.25 1.06
0.81 -0.16 0.84 0.85 -1.10
-0.87 1.43 -0.45 -0.25 -1.17
-0.08 1.37 -0.79 -0.31 -0.14
2.12 2.14 -1.29 -2.00 -1.76
-0.67 -0.10 0.40 -1.43 -1.43
-0.44 0.49 -1.09 -0.28 -0.53
-1.65 2.42 -1.33 -2.38 -0.41
-1.89 2.11 -1.66 -0.52 0.29
-1.70 0.97 -1.61 0.18 -0.46
0.92 0.33 -1.38 -1.63 -0.34
-0.32 1.14 -0.53 -1.83 -1.32
-1.39 0.55 -0.21 1.37 0.01
-0.90 2.84 -0.88 -0.09 -0.06
-0.61 1.52 -1.26 -1.59 0.52
-0.58 1.33 -0.40 -2.23 -0.37
-1.46 0.95 -2.32 -0.26 -2.17
-0.48 0.76 -1.55 0.26 -2.83
-1.84 2.07 -3.01 -0.21 -0.15
-0.01 -0.83 -1.38 1.55 -1.12
0.44 0.92 -2.85 -0.03 -0.36
-0.46 0.64 -1.65 0.08 0.52
-2.08 2.30 -2.12 0.65 1.76
-1.95 0.19 -2.28 0.58 0.85
-0.51 1.22 -1.21 -0.00 -1.30
-0.00 0.11 1.21 -0.60 1.32
0.14 2.35 -2.47 -1.59 0.03
-0.47 0.59 -2.39 -0.75 0.90
-0.35 1.47 -4.65 -0.49 -0.93
-2.21 2.21 -0.39 -1.67 -0.86
-2.14 1.14 -1.12 -0.56 0.31
-1.22 1.57 -0.66 -0.14 0.41
0.20 1.27 -1.31 -1.09 -1.98
-1.95 1.12 -1.83 -0.74 2.19
-1.00 2.89 0.00 -0.55 -2.12
-0.24 1.26 -2.84 -1.17 0.23
-0.97 -1.70 -2.80 -0.52 0.88
-1.25 1.00 -2.75 -0.88 0.45
-1.49 0.57 -1.72 -0.94 -1.28
-0.82 2.68 0.09 -1.20 1.02
-1.24 1.65 -0.79 -1.67 -2.24
0.03 0.62 -0.97 0.83 -0.19
-2.00 0.88 -0.55 -0.38 1.12
1.24 2.00 -1.30 -0.36 -1.50
-0.46 -0.09 -2.24 0.64 0.24
1.39 3.04 -2.71 0.53 -0.95
-3.64 -0.37 -0.98 -0.34 -0.37
-1.91 -0.11 -1.10 -0.48 -1.34
-2.00 -0.12 -0.07 -0.54 -1.75
-1.06 0.54 -0.11 -0.26 -0.99
-0.42 0.81 -0.97 -0.95 -1.01
1.61 -0.76 -2.29 -0.69 -2.73
-0.16 0.60 -1.52 -0.52 -1.28
0.47 0.52 -0.20 -0.66 -1.07
-3.81 0.61 -2.44 -1.00 -0.28
0.03 0.75 -0.58 -0.78 -0.90
-1.26 -0.47 0.02 -0.55 -0.50
-0.13 1.06 0.76 0.37 -1.01
-0.78 2.43 -1.61 -0.65 -0.05
-0.59 -1.07 -1.60 -0.73 -1.10
-2.45 -1.03 -3.81 1.76 -1.57
-0.12 0.20 -0.02 -1.24 -0.38
-0.50 1.38 -0.86 -0.88 -0.49
-2.45 1.80 -1.52 -2.13 -0.60
0.76 2.36 -1.27 -0.69 -1.09
-0.39 1.20 -1.60 -0.77 0.39
-1.43 1.20 -2.22 0.27 0.18
0.15 1.48 -0.62 -0.78 -1.16
-1.33 1.42 1.14 0.79 -0.93
-1.09 -0.35 -2.20 -1.19 -2.11
1.29 -0.35 -3.27 0.79 -1.97
-0.78 1.12 -2.74 -2.00 -0.37
-1.05 2.40 -0.87 0.86 -1.16
0.76 1.11 -2.03 0.33 0.50
-0.55 -0.05 -0.66 -2.31 -0.30
-1.57 1.13 -2.53 -0.56 -1.36
1.54 1.96 0.49 0.07 0.31
-1.84 1.22 -1.22 -0.83 -1.28
-1.39 -0.04 -0.58 -0.24 -0.02
-1.22 2.52 0.04 -0.88 -0.68
-0.96 -0.63 -0.09 -2.21 -1.16
0.67 1.16 -1.08 -1.88 -0.26
0.39 -0.19 0.40 -1.47 -1.42
1.67 0.71 -0.81 0.31 -1.58
0.17 0.34 -1.74 -0.50 -1.86
-0.34 1.32 -2.15 0.98 -0.96
-0.50 0.16 -1.02 -1.21 -1.07
0.40 1.84 -1.35 -0.80 -1.83
1.11 -0.13 -0.80 -0.52 1.03
-0.24 1.58 -1.04 -0.59 -0.43
0.13 -1.71 -1.41 0.17 -0.02
1.32 2.66 -0.16 0.99 -1.78
-0.37 -0.04 -1.85 -0.01 0.86
-2.06 1.80 -0.61 -1.67 -1.69
0.02 -0.11 -1.31 -1.08 0.41
-0.24 0.53 -0.81 -0.30 -1.22
-1.17 0.55 -0.60 -0.66 0.48
0.04 1.19 -0.97 0.32 -0.13
-0.93 -0.12 -1.67 -0.55 0.48
-1.46 1.61 -1.04 -0.23 -0.07
-0.38 0.45 -0.12 -1.89 0.03
-0.55 0.50 -1.74 0.14 0.22
-2.79 2.66 -1.78 0.47 -0.60
-1.46 1.58 -0.74 -0.11 -1.14
-1.62 0.13 -1.15 -1.16 -1.76
0.36 0.74 -0.56 -0.86 -0.46
-0.13 0.80 -0.84 -0.91 0.00
-0.50 1.18 -1.50 -1.40 -0.03
-1.33 1.27 -0.82 -0.48 -1.11
1.65 2.06 -1.78 0.01 -1.14
-0.32 -0.42 -1.56 -1.96 -0.74
-0.63 0.54 -0.45 -2.05 0.13
-1.21 3.65 -1.48 -0.67 0.38
-2.00 -0.05 0.06 0.47 0.77
-0.06 1.32 0.01 0.56 -0.42
-0.66 0.56 -1.62 -2.68 0.08
-0.51 -0.96 -3.67 0.16 -0.54
1.65 1.90 0.22 -0.19 -1.55
0.19 0.46 0.03 -1.36 -1.84
-1.35 -0.02 0.40 -1.02 0.63
-1.42 1.09 -2.96 -0.06 -1.41
-0.69 0.52 -2.55 -0.48 0.02
0.79 1.85 -1.73 0.18 -0.25
-0.02 1.66 -1.37 -1.40 0.25
-0.11 1.28 -1.00 0.33 -0.62
0.64 1.11 1.22 -0.64 -0.92
0.15 1.41 0.03 1.01 0.39
0.05 0.35 -0.46 -0.73 0.32
-0.39 0.35 -0.79 0.87 -0.78
-2.08 0.61 -2.15 -1.71 -0.67
-0.60 1.57 -0.60 -0.79 -1.12
-1.20 0.54 -0.88 -1.53 -0.31
-2.72 1.09 -1.38 -1.89 -0.66
-0.93 0.37 -1.16 -1.59 0.21
-2.29 -0.13 -0.91 -0.81 -0.48
-1.33 1.17 -2.39 -1.12 -1.47
-2.09 0.27 -1.71 -0.62 -0.74
0.70 1.67 -1.60 -1.35 -1.00
-0.10 -0.48 -0.74 -0.52 -1.57
-1.14 1.83 -0.69 -0.76 -0.01
-0.37 -0.16 0.90 0.10 -0.07
-0.65 1.26 -1.15 -0.17 -0.48
-0.53 1.93 -2.49 0.71 0.38
-0.73 0.20 -1.73 -1.05 1.12
-1.72 1.46 -2.08 0.72 -0.89
-1.63 1.57 -1.66 -1.32 -0.32
0.48 0.44 -1.62 0.02 -0.28
-0.13 0.45 0.00 -1.10 0.98
-0.06 0.93 0.95 -1.61 0.31
-1.08 1.31 -1.00 -1.36 -3.63
0.91 2.75 -1.60 -0.64 -1.24
-0.47 0.95 -0.66 1.67 -3.43
-0.35 0.28 -3.12 -0.54 -0.75
-0.23 1.33 -0.35 -1.56 0.09
0.61 -0.48 -2.27 -0.66 0.45
0.17 1.71 -1.91 -0.33 -0.90
-1.15 1.11 0.34 -2.17 -1.21
-2.02 1.09 0.20 -0.40 -2.33
-1.42 0.68 -1.92 -2.83 -1.85
-0.21 0.10 -1.67 -1.30 -0.33
0.72 0.50 -2.34 -0.26 -1.74
-0.92 1.62 -1.19 -0.53 -1.26
-1.64 0.57 -2.02 0.33 1.58
-1.11 1.01 -1.56 2.34 0.31
0.19 1.57 2.06 0.01 -1.30
-0.56 0.75 -0.49 -0.46 -2.32
0.05 -2.23 -1.49 -1.75 -0.59
-1.15 1.26 -0.90 -0.08 -1.32
-0.66 0.32 0.06 0.34 0.62
-2.33 1.99 -0.61 0.68 -1.52
-0.71 0.06 -0.31 -0.77 0.04
0.06 1.50 -1.41 -0.69 -1.44
-1.09 2.46 -2.12 -0.29 -0.05
-1.08 0.06 -0.20 -2.09 -0.91
-1.75 0.20 -2.01 1.02 0.05
-0.25 3.51 -0.14 -0.04 -0.42
-0.88 0.99 -1.70 -0.46 -0.53
0.02 1.87 -2.21 -1.05 -0.75
-3.04 0.70 -1.60 0.96 -1.58
-0.58 1.88 -2.08 -0.48 -0.79
-1.24 0.68 -1.09 -0.94 -0.29
-0.58 0.07 -1.79 1.72 0.90
-0.14 -0.12 0.17 0.25 -1.52
-0.27 -0.81 -1.21 -0.05 -0.09
-0.96 0.29 -0.81 -0.74 -2.06
-0.85 1.17 -1.62 -0.43 -0.22
-0.24 0.82 -0.22 -1.80 0.66
-1.40 0.47 -2.92 -0.74 -1.89
0.07 1.84 -2.21 -0.52 -2.16
-0.95 0.88 -3.02 -1.11 0.41
-1.56 0.33 -1.92 -0.16 -1.25
0.85 0.24 -1.26 0.82 1.53
-0.42 1.81 -2.25 -0.87 -1.50
-0.73 -0.75 -1.47 0.07 0.08
1.34 1.79 -1.32 -1.36 0.03
-1.42 0.52 1.11 0.35 0.09
-1.71 0.81 -0.79 -1.29 0.11
-2.20 0.31 -1.01 -1.65 0.04
-0.96 0.75 -2.16 0.32 -1.81
-0.64 1.28 -2.10 -0.74 -0.61
0.26 -0.20 -2.66 -1.63 -0.98
0.46 0.42 -1.69 -0.00 -0.33
0.41 1.39 -0.39 0.71 -2.40
-2.38 2.33 -1.69 -0.22 -0.89
1.24 -0.12 -2.58 -1.36 -0.52
-0.65 1.70 -1.29 -1.56 -0.42
-1.06 1.80 1.31 -0.12 -0.06
-0.17 1.63 -1.28 -1.27 -1.84
0.21 0.71 -0.80 0.49 -1.83
-0.21 0.91 -0.82 -0.34 1.46
-1.25 -0.13 -2.38 1.69 -1.24
-0.27 1.94 -1.15 1.18 0.41
0.06 -0.61 -1.88 -0.05 -0.70
-1.64 0.16 -1.39 0.50 -1.84
0.14 -0.57 -0.05 -1.35 0.75
-0.52 1.67 -0.70 -0.14 0.79
-1.31 0.62 -2.37 -2.06 1.55
-0.63 0.98 -1.15 -0.19 -1.60
-0.81 0.52 -1.37 0.12 -1.97
-0.84 0.27 -3.22 -0.57 0.39
-1.43 2.20 -1.17 -0.75 -0.77
-2.34 0.25 -2.11 -1.49 -0.77
-0.17 -0.45 -2.11 -1.21 -0.07
1.59 0.74 -0.59 -1.00 -0.43
-0.08 0.63 -0.61 -0.30 -0.07
0.97 0.07 -0.94 -0.88 -2.66
-0.67 0.13 -2.13 -0.32 0.23
-0.29 0.65 -0.68 -1.50 0.13
0.31 1.18 -2.77 -0.48 -0.65
-0.43 0.72 -0.51 0.42 0.33
-2.07 0.31 -2.83 -2.60 -1.64
0.75 1.19 -2.05 -0.56 -0.52
-2.22 0.78 -0.29 -0.61 -0.53
-1.11 0.43 -1.32 -1.43 0.32
0.10 -0.82 -0.88 -0.83 0.53
-0.92 1.06 -1.49 -0.60 -0.44
-0.04 1.25 -2.47 0.02 0.40
-1.77 0.06 -2.54 -0.60 -0.82
-0.02 1.75 -1.11 -0.76 -1.46
-1.21 0.53 -2.17 -0.96 0.64
-0.51 0.57 -1.80 -1.18 1.10
-3.14 2.08 -2.10 -0.29 -0.49
1.36 1.00 -2.51 -1.07 -1.15
-0.74 1.64 -2.71 -0.46 -1.04
1.02 0.59 -1.33 -1.14 -1.33
-1.42 0.32 -1.25 -0.83 -0.14
-0.92 0.09 -1.96 0.43 -0.09
-3.03 1.01 -1.28 -0.57 -0.17
-0.39 0.77 -0.74 -2.93 -1.62
-0.76 0.55 -0.79 -1.81 0.64
-2.17 0.85 -1.31 -0.31 -0.49
-1.32 1.66 -1.82 -0.47 -0.07
-1.86 2.08 -2.83 -0.99 -0.10
-0.35 1.00 -1.97 1.41 -1.36
0.72 1.49 -1.71 0.26 -0.50
0.35 0.55 -0.57 0.29 -0.33
-0.28 0.04 -1.85 0.77 -0.09
-1.42 -0.69 -2.47 0.87 -1.24
0.06 1.88 -1.13 -1.98 0.42
-2.01 1.52 -0.15 0.66 -1.71
-0.79 0.77 -0.94 -0.26 -1.10
-1.76 -0.27 -0.67 -0.89 -0.53
-2.06 -0.64 -1.47 -0.11 -1.75
0.04 2.25 -1.21 0.19 -2.29
-1.54 0.28 -2.05 -1.05 -0.98
0.35 1.57 0.60 2.17 -0.54
-0.53 -0.79 -1.19 -0.18 0.13
-3.15 0.47 -0.48 -1.28 -1.32
0.53 0.36 -0.50 -1.93 -1.90
-1.43 -0.01 -3.17 0.21 -1.67
-1.41 1.65 -0.74 -1.36 1.35
0.13 1.48 1.09 -0.97 0.15
-0.81 1.16 -1.41 -0.44 -0.32
1.11 0.74 -1.29 -1.37 0.67
-2.31 0.02 -1.41 -0.07 0.41
1.36 2.49 -1.37 1.83 -1.32
-1.46 0.62 -0.59 -2.23 -1.58
-3.28 1.39 -0.11 0.37 0.64
-2.23 2.58 -1.45 -1.47 -3.83
-2.32 1.62 -3.69 -0.58 1.18
-1.19 0.85 -1.91 -1.65 -0.50
-1.92 2.38 -2.09 0.88 0.28
0.29 0.20 -2.00 -0.73 -0.34
-2.28 2.01 -0.47 1.02 0.14
-0.58 -1.15 -0.87 0.45 -2.60
-0.58 1.15 -2.34 0.87 -2.09
1.16 -1.72 -0.58 -0.73 -0.12
0.62 2.07 -1.69 -1.47 0.07
-0.34 0.73 -1.72 0.41 0.46
-0.83 0.04 0.78 -0.81 -1.04
-0.99 2.18 -1.04 -0.38 -1.52
-1.65 0.06 -0.62 -0.16 0.49
-0.51 0.93 -0.78 -0.50 0.84
-0.60 1.97 -2.85 -0.20 -0.37
-2.34 0.12 -1.87 -0.82 -1.08
-0.04 0.73 -0.98 -2.22 1.77
-0.30 1.94 -1.90 -0.87 -0.62
-1.50 -0.32 -1.24 -0.68 -0.73
2.58 1.51 -1.86 -2.20 -0.65
-0.59 -1.62 -0.52 -0.00 -2.05
-1.30 2.77 -0.18 -1.37 -1.84
-0.17 1.03 -0.63 0.50 -1.16
-0.21 1.85 -0.64 -0.64 -0.11
-0.02 1.12 -0.37 -1.20 -0.12
-1.50 0.20 -2.22 0.17 0.43
-0.37 0.86 -1.05 -0.52 -1.14
-2.41 0.88 -0.39 -1.29 -0.71
1.06 0.95 -0.33 -0.24 0.20
-1.86 0.78 -1.31 -1.05 0.39
-0.85 0.55 -0.86 -0.40 1.51
0.69 1.62 -2.18 -2.08 -0.58
-0.85 -0.79 0.16 -1.25 -1.53
-0.63 0.08 -0.25 -0.51 -0.04
0.19 1.56 -2.35 0.35 -1.25
-0.29 0.79 -1.40 -1.55 1.02
-0.61 1.25 -1.15 -2.11 -0.22
-0.96 -1.75 -1.80 -1.72 -0.22
0.62 0.75 -1.05 -0.05 -0.86
-0.06 2.20 -1.18 -0.06 -2.81
-1.64 0.16 -2.17 0.08 -1.10
1.47 1.04 -1.52 -0.43 -1.43
-0.79 2.35 -0.53 2.43 -0.33
-0.71 -0.36 -2.47 -0.73 -1.06
-1.67 0.72 -1.62 -1.08 -0.85
-0.50 0.71 -1.50 0.89 0.43
0.89 0.78 -2.30 -1.03 0.16
-1.17 1.56 -1.87 -1.19 -1.52
0.15 2.77 0.58 -1.05 -0.47
-0.07 0.72 -0.54 0.46 0.46
-1.78 1.97 -2.22 -0.04 -0.42
-1.48 -0.62 -2.20 -0.55 -0.86
-0.55 -0.03 -1.70 3.22 -0.90
-1.08 1.54 0.33 -1.54 -0.30
1.61 -0.28 -1.38 0.13 -0.43
-2.43 0.49 -2.46 1.21 0.88
0.14 1.63 -0.51 -0.39 -0.73
-0.90 1.33 -0.12 -1.56 -0.88
-1.28 -0.12 -1.88 -1.83 0.41
-1.18 0.34 -2.13 -0.56 0.53
-1.62 1.99 0.52 -0.14 0.24
-1.24 1.10 -1.34 -1.08 0.07
0.11 -0.38 -1.18 -0.36 -1.60
0.34 0.74 -1.47 -1.87 -0.58
-0.21 1.27 -0.98 0.18 -1.58
-1.43 3.45 -1.10 0.11 -0.26
-1.10 1.40 -0.61 -0.28 -0.58
-1.02 1.18 -1.35 0.15 -0.90
-0.22 1.75 -0.52 -1.70 -2.28
1.30 0.53 -0.31 -0.57 -0.36
-0.48 0.58 -1.86 0.25 -0.57
-0.38 1.63 -3.92 0.14 -0.35
0.06 0.54 -2.22 0.05 1.10
-1.87 0.22 -0.51 1.25 -0.31
0.41 0.26 -1.97 -0.48 -1.11
-0.82 0.72 -1.05 0.20 0.03
-2.44 1.04 -1.51 -0.89 0.68
-0.66 -0.50 -2.31 0.99 -1.94
-1.05 2.16 -1.70 -1.77 -1.48
-0.57 -0.57 -0.91 0.41 -1.15
-0.96 1.26 -0.92 -0.44 -0.50
0.92 0.46 0.22 1.18 -0.78
-0.46 0.20 0.14 -0.94 0.21
-0.32 3.54 -0.80 -0.06 -1.47
-1.32 0.36 0.28 -0.09 -0.50
-0.28 0.72 -1.58 -0.62 -0.41
-2.01 2.14 -1.77 1.77 0.24
0.43 1.73 -1.31 0.82 -0.10
-1.37 0.22 -0.89 -0.83 -0.60
1.11 0.33 -0.96 0.23 -1.20
-0.62 -0.58 -1.04 0.18 -1.01
0.25 2.42 -0.91 -0.45 0.64
-1.45 -0.32 0.21 1.38 -0.31
-0.05 -0.56 -3.09 -0.51 0.03
-2.63 0.98 -1.74 -1.74 -0.32
0.49 1.19 0.21 -1.41 -0.12
-0.71 1.71 -0.94 -1.80 0.45
-0.03 0.75 -0.35 -0.60 -0.82
-1.62 0.93 -0.70 -1.52 -1.98
0.07 0.62 -1.37 0.69 -1.22
-0.87 0.44 -0.91 -0.43 -1.60
-0.76 1.38 -1.38 0.26 0.19
-2.35 2.25 -0.80 1.29 -1.23
0.11 0.00 -1.80 -2.39 -1.67
-0.68 0.71 0.13 1.12 -1.70
-1.04 0.56 -1.54 -0.46 -1.22
-0.22 0.09 0.18 0.54 -1.06
-1.38 0.08 -1.15 -1.06 0.14
-0.62 2.38 -0.70 -1.00 -1.74
-0.90 1.59 -1.38 -1.45 -0.23
-2.20 0.05 -1.21 0.02 0.80
-0.90 0.42 -1.45 1.92 2.83
-1.23 1.69 -0.30 -1.05 -0.36
-1.76 -0.10 -2.41 0.45 -1.97
-1.77 1.93 -1.29 0.13 -2.09
-1.94 2.38 -1.74 -1.60 1.89
-0.78 1.51 0.21 -1.28 -1.89
-1.00 1.94 -0.98 2.08 -0.22
-0.50 -1.14 -0.93 -1.00 1.41
-1.43 2.56 0.03 -2.70 0.32
-2.18 0.11 0.74 0.11 -0.55
-2.90 -0.16 -1.59 0.24 0.70
-0.34 -0.92 -0.24 0.08 0.15
-1.24 2.38 -0.58 -1.12 -0.66
-0.90 1.01 -1.45 0.46 -0.49
0.10 1.41 -1.66 -1.81 -0.62
-2.02 1.00 -1.13 -1.16 1.08
0.44 -0.47 -1.57 0.63 0.78
0.23 1.94 1.16 -1.35 -0.53
2.55 1.39 -0.65 0.79 -1.20
0.73 -0.47 -2.03 0.33 -1.02
-0.61 1.61 -2.40 1.81 -0.10
-2.31 1.94 -3.92 0.55 0.46
0.19 1.13 -1.33 0.26 -0.84
-1.28 0.07 -1.79 -2.09 -1.37
0.14 0.81 -1.95 0.53 -0.12
-0.96 0.45 0.57 -1.26 -1.42
-1.40 1.26 -1.82 -0.52 -0.57
-0.22 2.05 -3.52 -0.27 0.93
-1.29 -0.42 -3.00 -0.30 0.43
0.31 0.75 -1.04 0.10 -0.97
0.78 0.09 -2.96 -0.74 0.20
-0.47 1.53 0.19 -0.30 -0.55
-0.07 0.60 0.03 0.10 -0.71
-0.61 1.10 -3.24 -0.75 0.27
-0.07 2.38 0.16 -4.42 -1.83
0.37 0.70 -2.15 -2.00 1.22
-0.53 0.03 -2.62 0.67 -0.23
0.16 0.58 -0.85 -2.82 -1.45
0.69 0.86 -1.18 -0.23 1.82
-1.96 -0.26 -2.04 -1.08 0.08
0.40 0.86 -1.36 -2.19 -0.22
-3.20 -0.92 -2.50 -0.68 -2.00
-1.80 2.19 -2.16 1.50 -0.31
0.11 -0.12 -1.89 0.23 1.52
-0.07 0.81 -1.27 0.75 -1.59
-0.81 0.92 -2.51 -0.56 -1.01
-0.18 -0.62 -0.93 -1.91 -0.92
-1.36 0.54 0.47 0.30 1.05
-1.62 -0.15 0.01 0.83 -0.51
0.42 1.27 -0.52 0.52 0.31
-2.73 1.28 -1.28 1.22 -1.58
-0.09 1.37 -1.34 0.42 -1.94
-0.35 0.46 -2.33 0.20 -0.61
-0.37 -0.31 -0.43 -0.48 -0.57
-1.06 -0.08 -2.13 -1.91 -0.78
0.47 2.71 0.39 -0.09 1.00
-2.22 0.63 -1.27 -1.54 -1.31
-1.79 -0.63 -0.40 -1.83 -1.66
-1.93 -0.56 -1.63 -2.46 0.60
0.34 0.86 -1.04 1.83 -0.41
-0.87 -0.73 0.20 -1.95 0.34
0.46 -1.12 -0.51 -0.69 0.50
-1.91 0.83 -0.14 -0.17 -2.12
2.47 -0.54 -1.17 -0.03 -1.04
-1.85 -1.09 -1.99 -2.19 -1.64
-0.31 2.07 0.42 0.40 -1.46
-2.72 0.98 -1.52 -2.30 -1.34
-2.48 1.81 -1.52 -0.10 -0.21
0.25 0.74 -1.86 -2.44 -2.34
0.76 1.26 -0.87 -1.52 0.99
0.61 2.40 -1.68 -0.36 -0.69
-0.50 0.42 -0.52 -0.29 -2.32
-2.10 0.19 0.19 -0.06 -0.82
-0.26 2.82 -0.19 -0.33 -0.74
-0.87 1.52 -1.25 -1.10 -2.37
0.12 1.77 -2.03 -2.03 -0.11
-0.79 1.31 -1.31 -1.12 -0.65
0.63 2.47 -1.33 0.91 -1.80
-0.64 3.29 -0.88 0.88 0.69
-0.76 1.04 -3.53 -1.27 -1.25
0.56 1.26 -0.85 0.34 -0.08
-1.38 0.28 -1.84 0.75 0.48
-1.66 1.77 -1.75 -0.94 -0.38
-1.07 1.53 -1.62 1.04 -1.04
0.07 0.54 -1.15 -0.03 1.27
0.99 -0.21 -1.91 -0.63 0.92
-0.30 0.97 -1.28 -0.71 -0.84
-0.83 1.70 -0.23 0.35 -0.24
-0.28 0.28 -0.22 -0.30 0.89
-1.98 1.78 -2.41 1.24 0.49
-0.79 2.71 0.44 -1.21 -2.38
0.39 0.15 -2.54 -1.58 -0.44
-1.32 1.90 -0.78 0.94 -1.04
-1.18 1.12 -1.92 0.80 -1.09
-0.79 0.30 -0.14 -0.90 0.72
-0.75 1.08 -1.00 0.63 -1.47
0.46 0.01 -1.76 -0.81 -0.59
-1.62 2.42 0.60 -2.15 -1.53
-1.04 1.90 -1.50 -0.38 0.03
-1.83 -0.30 -1.29 -0.81 0.43
-0.66 -0.60 -2.72 0.91 -0.93
-0.06 2.92 -0.72 1.83 -0.79
-1.92 0.04 -1.66 1.32 0.23
-1.84 0.69 0.23 -0.92 0.51
-0.57 1.02 -0.00 1.16 -2.35
0.21 0.49 -1.45 -2.99 -2.49
-1.34 0.69 -1.17 -0.29 0.18
-1.49 1.56 -3.24 -0.41 0.09
0.40 1.19 -1.86 -1.29 -1.39
-0.08 1.27 -1.19 -2.07 -1.22
-0.93 0.51 -0.70 0.19 0.02
0.74 0.71 -1.68 -1.24 -1.51
-0.37 -0.12 -1.37 -0.04 0.29
-0.21 0.16 -1.39 1.12 -1.89
-0.88 1.32 -0.98 -0.24 0.49
-2.66 1.40 -2.17 -3.59 1.69
-1.03 0.42 0.22 -0.18 -0.92
0.31 2.43 0.06 -1.99 -0.95
-0.50 0.73 -1.80 -1.26 -1.15
-1.07 1.07 -1.68 -1.25 -0.21
-1.50 -0.45 -0.88 1.68 -1.30
-1.66 0.79 -1.78 -0.32 0.30
-0.98 0.22 -1.13 -0.19 -0.85
-0.94 0.36 1.48 -1.02 -0.07
0.54 0.37 -0.87 0.26 0.44
-3.31 0.80 -2.39 -0.06 0.21
-0.03 -0.61 -1.21 -0.22 -3.20
-2.59 1.24 1.20 -2.45 0.63
-1.22 -1.61 0.64 -0.28 -1.22
1.06 2.18 0.15 -0.28 -0.19
-0.46 1.99 -0.99 -1.68 -1.44
-2.15 0.05 -0.17 -1.11 -1.67
-0.29 1.53 -2.32 -0.70 -2.96
-0.06 2.28 -1.27 -1.97 0.06
-0.20 1.83 -2.45 -0.53 -0.38
-1.84 1.73 -1.03 0.20 0.42
-0.21 1.36 -1.06 -1.49 0.86
-0.52 0.17 -0.98 -0.45 1.05
-0.13 2.10 -1.24 -1.60 -1.01
-0.71 0.34 -1.26 -1.49 0.93
-0.22 1.07 0.32 -0.29 -0.51
0.69 0.90 -1.80 0.79 -0.48
-0.65 1.52 -2.17 -0.34 -1.18
-2.00 0.43 -2.37 -0.81 -1.45
-0.50 0.92 -1.00 0.21 0.29
1.79 1.64 -1.16 0.84 -0.29
-0.41 -0.68 -0.45 -0.30 0.70
-1.81 -0.66 -1.58 -0.29 -0.25
-1.01 1.12 -0.16 -0.56 0.29
-0.94 4.40 -2.32 -1.14 -0.20
-0.18 -0.63 -0.16 -1.36 -0.67
-0.59 -0.74 -1.72 -0.54 0.18
-0.83 1.55 -2.48 0.39 -0.15
-1.58 -0.65 0.14 -1.36 0.76
-2.05 0.80 -1.27 -0.84 -0.46
0.09 0.35 0.06 -0.87 0.29
-1.47 0.26 -0.85 -1.06 -2.74
-1.90 0.11 -1.38 -0.13 0.18
-1.88 1.76 -2.24 -0.85 -0.95
-0.03 1.22 -3.08 -0.09 0.54
-0.65 1.52 -1.83 -0.36 -1.09
0.06 1.27 -2.98 -3.29 0.04
-0.50 1.29 -1.46 -2.03 0.25
-0.90 1.43 -0.34 -1.09 -1.24
0.40 0.27 -1.75 -2.65 0.07
-2.52 2.12 -3.55 -0.80 -1.53
0.29 -0.17 -0.47 1.00 0.30
-1.02 0.55 -1.15 -1.47 -1.40
-0.90 0.33 0.13 -1.34 -1.74
-0.59 2.59 -2.30 -0.17 0.82
-2.34 0.83 -2.37 -0.12 -1.57
0.29 1.96 -1.12 -1.01 -0.03
-2.28 1.37 -1.99 -0.81 -1.06
1.83 0.15 -1.95 0.09 -0.70
-1.28 0.73 -1.82 0.33 -0.84
-0.03 1.12 -1.07 -1.72 0.39
-2.22 0.86 0.04 -0.30 0.46
-0.66 1.21 -0.13 -0.88 -0.69
-0.47 0.59 -1.34 -0.89 -0.28
-0.62 1.48 -1.96 -0.50 -1.92
-0.30 1.16 -0.70 1.25 -1.01
-0.03 2.36 -0.82 -1.16 -1.90
0.18 0.29 -0.85 -0.65 -0.25
1.02 -0.11 -2.00 -1.74 -2.91
-0.16 -0.18 -0.58 -1.79 -0.76
-0.29 2.52 -0.33 -1.22 -2.25
-0.44 0.45 -1.57 -1.04 -0.72
0.07 1.44 -1.84 0.39 -2.36
-0.57 0.93 -1.86 0.91 -1.14
0.08 1.44 -0.37 0.95 -0.84
-0.32 0.98 -1.39 -2.19 0.75
-0.41 4.47 -1.19 -0.56 0.16
-1.77 -0.21 -0.29 -1.79 -0.59
-0.83 0.55 0.21 1.15 -1.41
-0.46 1.47 -1.37 -0.90 1.55
1.12 0.55 -1.54 -1.21 0.04
-2.14 -1.20 -1.06 -2.39 -0.56
-0.61 -0.18 -1.63 0.56 -0.22
-2.90 -1.25 -1.48 -2.24 0.37
-1.12 0.79 -2.42 0.20 -1.76
0.73 1.36 -0.23 -1.34 0.30
-0.74 3.03 -1.28 -1.00 -0.31
-1.08 0.07 0.05 0.96 -1.47
-0.57 0.05 -0.85 -1.18 -0.49
-0.40 0.17 -1.46 1.14 0.57
-0.92 1.34 -0.45 -1.71 -0.59
-0.50 1.14 -0.74 -1.20 -1.06
-1.12 0.10 -1.12 -2.39 0.87
0.67 1.09 -1.10 -1.16 -1.13
-0.07 -0.27 -3.68 -0.79 -0.16
1.13 3.34 -1.17 -0.22 0.13
-0.69 -1.07 -0.88 -0.14 -1.12
-2.07 0.60 -0.75 -0.33 -0.75
-0.70 1.60 -2.42 1.67 -1.54
-0.21 -0.58 -2.08 -0.69 0.51
-0.68 2.14 -0.70 -1.81 -1.74
-0.87 2.50 -2.31 -1.86 -1.21
-0.59 -0.10 -1.86 1.53 -0.97
-1.45 -0.24 -0.76 -0.11 0.30
0.81 1.62 -2.46 -0.41 -1.38
-0.29 -0.13 -1.34 -0.74 0.32
-0.70 0.61 -1.78 -1.67 -0.53
-0.53 1.63 -2.29 -0.56 -1.00
-0.20 2.97 -1.57 -0.81 0.67
-0.14 2.35 -2.05 0.57 -1.55
-0.70 -1.13 -1.45 -1.36 -1.22
-0.18 1.91 -2.72 -0.30 -0.37
-0.71 1.65 -1.26 1.26 -1.99
-0.54 0.86 -1.38 -1.14 -1.24
-0.85 1.54 1.71 1.10 -0.82
0.53 0.49 -2.12 2.82 1.95
-0.17 -0.79 -1.88 0.17 -0.53
-1.28 -0.35 -1.89 -0.86 -0.61
-0.82 0.88 -2.19 -1.47 -0.73
-1.02 1.14 0.08 -0.80 0.33
-2.78 1.46 -2.97 1.48 -0.61
-2.34 0.28 -1.14 -0.15 -1.77
-1.70 -0.26 2.02 0.46 0.49
0.13 1.37 -0.59 -0.73 -1.12
-0.45 0.47 -1.15 -0.99 0.05
-0.36 1.15 -0.83 0.14 -1.41
-2.05 0.60 -1.80 1.15 -0.41
1.57 1.41 -0.48 -1.31 -1.03
-1.46 0.27 -0.87 -0.87 0.86
0.45 -0.48 -1.99 -0.45 -0.74
-1.34 -0.74 -1.68 -0.45 -0.32
0.63 2.04 -1.13 -0.35 -0.05
-1.64 0.96 -2.72 0.15 0.49
-0.94 -0.12 0.35 -1.22 -0.12
-0.35 -1.17 -1.82 -0.54 -1.00
-0.53 2.03 -0.50 -0.36 -1.52
0.21 1.28 -2.27 -1.30 0.23
-1.88 1.61 -0.53 0.41 -1.69
-1.71 0.74 -0.76 -0.73 -1.77
0.36 0.01 -1.05 -0.89 -0.83
-1.40 -0.39 0.43 0.47 -0.35
-1.30 0.98 -1.55 -0.99 -0.95
-2.10 -1.60 -1.63 -0.90 1.53
-2.22 0.20 -2.15 -1.83 -0.58
-0.50 -0.68 -0.98 -1.58 -0.70
-2.43 1.38 -0.99 -2.49 1.11
-0.95 0.28 -2.47 1.16 -1.19
-0.26 0.12 1.14 -0.94 -0.43
-1.53 0.41 -2.43 0.16 -2.54
0.09 0.95 -1.07 -0.66 0.15
-1.62 0.62 -1.17 1.24 0.37
-0.70 2.17 -1.28 -1.52 1.34
0.87 1.68 -1.58 -1.44 1.47
0.54 1.42 -1.69 -1.39 1.59
-0.17 0.58 0.43 -1.67 -1.27
0.06 0.52 -0.19 -0.06 -1.07
-0.55 1.09 -0.80 0.38 -1.88
-0.82 2.59 -1.57 -0.13 -0.09
0.22 1.75 -1.68 0.69 -1.17
-2.33 0.70 -1.80 0.96 0.27
-1.61 0.06 -2.30 0.99 -0.65
-0.12 0.57 -0.28 -2.12 1.64
-2.37 2.37 -2.21 -0.27 -2.41
0.39 0.38 -0.46 2.09 -1.12
0.45 1.15 -2.11 0.04 0.48
-1.04 1.02 -0.45 -1.23 -0.83
-2.43 1.32 -1.43 -0.42 -1.75
0.17 0.16 0.45 -2.68 -1.01
-2.01 0.16 -1.09 0.08 0.52
-0.35 1.18 -0.74 0.18 -0.58
0.48 0.80 -2.07 -1.48 0.48
-0.61 0.98 -0.26 -0.13 -0.57
-1.21 1.67 0.88 -0.52 -0.05
-2.04 1.80 0.08 0.60 1.39
1.06 2.74 -1.33 1.91 -1.67
0.15 2.85 -1.80 -0.31 -0.25
0.88 1.39 -0.44 -0.97 -0.18
0.47 1.48 -2.01 0.46 -0.92
-0.58 0.76 -3.18 -1.59 -0.62
-1.55 -0.27 -0.92 -1.20 -1.24
-0.76 2.30 0.06 0.26 0.73
-1.45 1.60 -2.40 -1.16 -0.52
0.24 2.80 -0.71 -1.25 -1.70
0.04 0.69 -0.83 -0.51 -1.39
-0.02 1.96 0.82 -0.43 0.18
-1.42 2.47 -1.69 -0.74 -1.34
-0.34 0.19 -1.61 -0.45 0.14
-1.53 1.15 -0.71 0.12 -1.19
-0.24 2.60 -0.88 -1.78 -1.07
-0.73 2.77 -1.28 -0.91 0.74
-1.11 0.34 -1.23 -0.22 -0.44
-2.06 0.38 -1.82 -1.65 -0.04
-1.24 0.44 -2.53 -0.97 0.39
-0.69 2.22 -1.07 1.62 1.49
-1.62 0.19 -1.54 -0.45 -1.19
-2.37 2.63 -1.83 -2.37 -0.44
-0.19 0.82 -2.96 -2.18 0.17
-0.23 1.19 -2.18 -1.50 0.54
-2.89 1.15 -2.32 0.83 -1.03
0.88 0.82 -1.51 -0.43 -0.02
-1.89 -0.24 -0.80 0.09 -0.22
-1.23 -0.04 -1.37 0.65 -1.89
-0.86 1.35 -2.07 -1.68 -0.70
0.87 0.50 -0.52 0.32 0.12
-1.46 1.05 -2.83 -0.57 -2.75
-1.49 1.97 -1.47 -0.16 -0.35
-1.42 1.98 -0.71 -0.87 0.67
-3.12 2.95 -1.84 -0.94 1.44
-1.98 -0.51 0.52 -1.67 0.10
-0.66 1.75 -2.73 1.84 -0.22
-1.29 -1.52 -0.32 -1.28 0.64
0.09 1.35 -0.32 0.07 -0.49
-0.79 -1.07 -0.28 -1.57 0.05
-1.29 1.06 -0.51 -0.27 -0.63
-2.88 -0.26 -0.67 -1.95 2.20
-0.34 0.34 -1.32 -3.20 0.42
0.52 0.82 -2.92 -0.21 -0.65
-0.81 0.98 0.68 -0.22 -1.08
-1.80 2.93 -2.70 0.68 -1.24
-2.68 -0.76 -0.60 0.47 -0.78
1.34 1.39 -0.49 -0.74 0.05
0.10 1.98 -0.44 -1.38 0.81
0.30 0.50 -1.45 0.54 0.14
-0.97 0.18 -1.57 -1.63 -0.26
-0.11 0.32 -2.27 -1.70 -0.15
0.84 0.00 -0.98 0.12 -0.17
0.64 -1.03 -2.49 -3.15 -1.05
-0.72 1.04 0.58 1.26 -0.99
-0.45 0.05 -0.68 0.05 0.50
-0.33 0.41 -1.27 -0.58 -0.58
0.79 0.52 -0.24 1.77 -1.03
-0.98 0.89 -0.94 0.43 -0.75
-1.12 -0.18 -0.32 -1.09 -0.83
-0.26 -0.00 -3.28 -0.71 -0.55
-1.74 -0.37 -1.77 -1.63 -0.10
-0.11 0.78 -0.47 0.15 -2.00
-1.10 0.90 -0.45 -1.48 0.49
-0.17 0.97 -2.35 0.80 -0.72
-1.41 -1.36 -0.56 -0.19 -1.09
-1.39 1.67 -0.90 -1.73 0.09
0.44 -0.44 -2.21 0.01 -0.51
-1.64 1.54 -2.62 -0.05 0.41
-1.00 1.38 -2.40 1.33 -1.09
-1.07 1.61 -1.43 -0.66 0.51
-0.45 1.26 -1.69 -1.84 -1.81
-2.13 0.02 -1.42 -0.67 -1.54
-1.62 0.05 0.39 0.50 -0.98
0.21 0.32 -1.69 -0.26 -0.47
0.09 1.57 -1.89 -1.77 0.36
0.37 2.30 -2.73 -1.36 0.12
-0.61 0.46 -1.92 0.85 -0.26
0.63 -0.95 -1.57 0.07 -0.77
-0.16 -0.31 -1.10 -1.24 1.23
-0.66 1.03 -0.39 -0.96 0.70
-0.36 0.07 -0.84 -1.46 -0.17
-2.58 0.66 -0.82 -1.99 -1.11
-0.66 2.19 -2.22 -0.46 -0.76
-1.58 -0.26 -3.14 -1.02 0.59
-0.84 0.31 -1.14 0.89 -0.48
0.07 0.33 -1.26 -0.66 -1.13
-3.12 -0.68 -1.74 -1.22 -1.35
-1.20 -0.33 0.50 -1.92 0.13
0.62 0.25 -0.86 0.13 -0.72
-1.50 1.68 -1.13 0.06 -0.40
-2.59 1.92 -0.36 -0.54 -1.36
-0.55 1.73 -0.76 -0.18 1.10
-1.80 1.45 -0.58 1.54 -0.52
-1.89 2.89 -3.06 -1.19 -1.15
-0.66 -0.08 -2.58 -1.15 -1.58
-1.07 -0.27 -2.21 0.79 0.02
-1.40 2.96 -1.02 1.28 -1.05
-1.28 1.11 -1.91 0.87 0.26
0.66 0.72 -2.67 -1.13 1.01
-2.03 3.38 -1.73 0.90 -0.71
0.14 2.66 0.81 1.38 -1.45
-0.84 2.36 -2.43 0.92 -0.42
-1.43 0.85 0.52 1.41 -1.24
0.12 2.27 -0.84 -2.07 0.03
-0.98 2.08 -0.23 -1.82 -1.68
0.39 1.01 -1.77 -2.30 0.23
-1.39 0.47 -1.59 -0.67 -0.25
-1.14 1.07 0.57 -1.28 -0.39
-1.04 1.65 -1.70 -1.64 -0.22
-0.57 2.47 -1.30 -1.19 -1.71
-0.25 0.98 0.15 1.18 -0.86
-0.75 1.95 -1.07 0.88 -0.76
-0.44 2.38 -1.73 1.39 0.64
-1.10 1.94 -1.68 0.36 -1.57
-0.47 2.18 -2.46 -0.77 -1.85
-1.12 4.04 -2.03 -2.75 -0.27
-1.14 0.69 -0.80 -0.91 0.01
-1.69 0.80 -3.55 -0.60 -0.24
0.02 1.54 -3.07 -1.10 -0.91
-0.38 1.03 -1.94 0.15 -0.23
-0.20 0.69 -1.55 -0.85 0.50
1.58 2.45 0.18 -0.51 -0.21
-0.50 -0.38 -0.63 -0.76 -0.25
-1.10 1.56 -1.13 -0.44 -0.02
0.78 1.37 -0.36 -1.19 -1.31
-2.59 3.31 -1.44 -0.17 0.55
-1.27 -0.69 -1.27 -1.63 -0.40
0.65 -0.21 0.01 -0.41 -1.30
-0.11 1.85 -0.85 -2.47 -0.03
0.32 3.23 0.16 -1.05 -0.37
-2.37 1.11 0.08 0.05 1.43
-0.04 0.31 -0.23 0.13 0.50
-0.23 1.84 -1.22 -0.82 -1.23
-1.25 1.16 -1.55 -0.96 -0.76
-1.23 1.60 -1.91 0.15 -1.16
-1.83 0.07 -0.36 0.00 -1.21
0.02 1.29 -2.41 -0.10 0.60
-0.64 -0.64 -2.02 -1.02 -2.06
-1.61 0.16 -1.96 -1.37 -1.56
-2.73 0.96 -2.22 1.13 -0.40
-0.18 1.60 -1.25 0.08 -1.13
2.20 -0.00 0.21 -2.50 -0.20
-0.32 -1.17 -0.59 -0.79 0.97
0.66 -0.11 -0.67 -0.74 0.28
0.02 1.77 -1.83 0.01 -2.20
0.12 0.44 -0.81 -0.30 0.76
-0.59 1.26 -2.48 -0.96 0.42
-0.44 2.15 -0.83 -1.13 -1.89
-0.35 1.43 -0.47 -0.50 0.86
-2.40 0.26 -0.93 -0.97 0.58
-0.37 -0.26 -2.47 -0.03 -0.17
-0.26 0.56 -0.40 -1.51 -0.97
1.78 2.30 -1.03 0.10 -1.06
-1.23 0.89 -1.30 -0.47 -0.19
